10.299451111205515
9.80300019337975
13.744091018480523
11.640471386994424
12.230532885492535
7.143418505480372
4.64078170509592
8.48108337589823
9.912589154652409
11.998050941456457
9.960538331644292
7.1008106152769175
8.506350180919984
10.406313180405112
11.858286059956715
8.774079149396343
8.57331818819122
10.01585043873164
8.502161604392345
8.149067157805078
11.369591704106808
9.178047327146173
9.352673058171613
7.949805909210713
8.694571308491719
10.144484181180715
10.104522447984083
8.321323443155299
9.677485906475066
13.29945424685106
9.538298976154474
9.41706316288565
9.690935219139913
4.312790928888847
11.29114709955132
9.919255891435068
9.494262762950203
11.59879356156383
13.526875976965831
9.12284897991781
12.644756035357045
14.009524096437367
8.36466070203364
8.591684851248617
14.630213820955447
7.9808171832871615
13.880797800145345
13.092680710166059
9.160654676749518
9.319541707646062
12.803070527015109
9.387663563892588
9.896404353780552
11.786579115991975
11.207378073212341
10.191967193774357
13.030523298884518
10.030971466365763
11.680100297897313
6.4783960191437515
9.469206089784844
10.752415838905193
9.82200972065032
8.790572899076986
6.913255865498527
13.838326646477258
10.934926415939373
13.40990659226552
11.535007741670013
8.6839488405994
12.944337834605726
8.13739082798191
11.730627836823839
8.203284930178413
9.80897209771315
13.345600201550067
10.88943358950106
17.46495612043153
14.02701314198853
13.927158360752241
11.49251647610381
7.651752729759448
10.736494908830876
11.017592137265813
4.751932087712762
8.627279573792892
5.166066929903012
7.760928714359136
8.966338159411219
8.171877891004605
10.412313131934654
9.116938796135226
6.266756364809629
7.886585172867054
10.007982748113285
12.584312011168272
14.19806413078135
10.250884435126775
10.405205118030391
12.858375646793998
11.276924005341263
8.947018306794963
11.03610082399974
14.51087605026242
14.806886211769339
9.17023247395134
8.335714696453309
7.136214389990823
6.894851765539077
9.144774240056226
13.312333980639677
7.022298100411627
7.655970023597329
9.67851520939088
10.40441037817793
15.221038773057249
10.786422584671215
10.830501109464398
8.387557578726373
13.861201408643876
9.187398462806984
14.253388026409848
10.911376454808803
7.76070648851282
10.63948311280038
9.248699456915583
12.028737419439938
12.94202524952308
11.776095760036409
9.11521913673423
11.280663690288439
8.581337483267337
8.802762002228755
11.708703318023886
10.431639325487797
8.98233369397695
11.093592712363176
8.954742158102645
10.091633209075113
11.12879021566725
16.31994086393116
8.520441943788041
8.557745336345196
13.948174054433576
13.384690877830266
10.764549913156516
9.825277008988296
9.606062422426046
4.598266092229416
7.850708939679844
9.9575624916144
9.907126113800553
9.700354036436995
10.261505770546487
11.552972274248424
8.493508876198762
9.870750666014677
9.646419183366952
10.02869461719554
13.048225270515216
6.957941455601442
12.166920187384415
7.619054659562213
11.36505583788777
10.71890002303126
10.63381298011345
11.597210655493345
9.494382121910586
10.415939157615782
12.218211175459064
9.014578520302656
8.446466151791428
7.0457119098304375
12.120298645973847
9.23850778629362
7.8600356989734905
12.816970625097778
6.258028463633956
12.60206087508362
10.11187148279961
10.89117653956986
14.972662868485305
13.195261043227259
9.504966395649332
8.84024352010812
6.830684373378681
8.247013789155643
9.820155631885394
8.117832100705883
12.786591179016952
9.526328255613032
8.857447881699123
8.262637251708027
11.16359198123905
14.5887008017361
11.970339084072656
9.286839168687095
10.751765675293626
9.580825405630701
9.17874878195384
10.147746474919701
11.220435587546126
10.168834016392271
9.693112578752547
8.989826738927462
6.710925050082429
11.46087914670867
11.535767449578064
6.2121999678254
8.424187743088018
8.356015355821867
11.682818903971748
12.907793025514573
11.724392560217698
12.314485161131135
8.517965538258618
11.443458825482258
11.873644829025503
11.731945183638306
9.348867015702995
10.666734152164748
12.219754561891262
6.668109873332693
13.736697849743742
6.733542341318909
7.180789433650315
9.514721204737974
5.726211285391603
9.725851155049389
4.395371465079639
10.736430127074717
9.479059845362219
10.726091693931185
9.759423897942174
10.333899355083114
8.552012712776255
9.7080079134633
11.354351287483425
10.316353185087998
11.023039585323472
8.51668672684564
9.958387028683449
12.724008173347475
3.993101879554559
7.2366405807478404
6.351319773495121
12.389697086206315
8.609163005712464
9.201277019899603
8.520074971094916
15.987524079930196
5.683543333350324
10.867394393624773
9.078511588430924
12.168460598997422
13.792879459486286
7.234624975371549
8.08163747120357
12.607208787146053
9.710387856288015
7.309815474872131
12.467443494963373
9.137338942646055
9.160629619655516
9.293454840106476
9.532966277087255
10.721770407787217
10.38844546140675
8.777295296544255
8.753652289900364
13.087736931813101
7.458570025188161
10.89616228841367
9.950517479954852
12.712791602006986
9.418380484369719
9.734957993251745
8.176036092433396
11.26642075031454
8.513632213132567
11.203669216795124
11.2300895064804
7.9364486457725185
14.36158927869349
10.735128433265977
12.34815690468677
11.241402526852927
10.16486626675316
12.605995154804601
13.682409887734085
10.846130737911322
9.726318106396961
10.220995700340119
8.652276066127166
11.8272431515738
8.963058600450504
11.906907442783194
8.585557900166323
7.712483370608031
7.899315280725836
10.109007746966107
11.86741531189185
9.703560191290936
6.62682118797397
11.511228140416101
9.980809891980607
10.550884383775099
12.556936731971959
13.116267567268952
8.765504955821774
6.825300675355647
8.69183509027023
12.350351022849372
10.255696774837803
10.482914886436609
8.157380755808248
12.584437798315822
16.345946496791175
10.402506224648512
11.547366761043731
9.320937028664432
4.069824898701079
12.247489759458697
7.974370323148449
7.750284657476007
7.05923198299239
11.216933880656677
7.897088521052974
11.2552497576393
10.089640783323809
6.75038389495346
8.61037921843956
9.432874871319974
10.782209534020417
10.867133609520058
8.112457468746161
11.011026338507266
9.735404544104696
10.24254040416135
10.281770299794104
13.282473331286974
6.528933810321532
10.072933579383989
9.874690146832586
4.943594689484038
7.74819145702131
10.47158111111285
7.599614688937888
10.164695605402944
10.426399431299336
8.701909400194227
15.113769080867481
11.516317654025094
8.16006553506566
7.4690130226717955
7.180884852154332
12.364464093381379
15.027107605352299
9.712404735174479
12.434340218735915
11.241292314118581
13.074548034358092
13.145859664962154
9.482899613536954
11.526657529819051
10.04340458712541
9.387438016043046
12.988275488962136
9.97164258565071
10.683078361033543
8.716018556211676
12.81839610114788
9.662673051286962
10.541302279009905
11.43625110932385
6.748047034983008
12.411676413253684
8.28359702993164
9.828511734124715
11.937267759829263
8.103260727382429
9.053462643780215
7.991847482965046
10.160982630974932
10.550479838626615
10.4805523760448
13.676605153402624
10.592554885419599
9.963499849711376
11.65548797796921
11.281358878735467
13.913230124913477
4.89964544898171
12.5384229518416
9.376666844822036
14.945854248842213
8.831632661273636
11.84352803092012
5.124276314148111
4.765400886666449
10.752889864613516
8.106830643446902
11.78130477828997
10.370444339294153
9.89132259740632
6.271116767330225
6.145746174430871
9.558062555385929
9.419994459607054
10.815312782715932
10.305326299306927
9.272812062959868
10.275256400482673
12.552727616515174
11.89775682882183
13.201351266470319
8.407206764390722
13.413734766830782
9.785859115755898
9.78544528862597
7.781327402405749
9.880032730602371
11.825936867793313
9.618196489401255
9.320905082340472
10.86500543720134
8.941746955261332
10.94435386660632
9.971401797716219
11.506727634250735
11.188562345489952
12.432995098525128
11.015894620193603
10.327471194731086
9.668197811667321
12.60309228766577
10.591882374483742
7.739680509907944
9.634362016987444
9.382994066547749
8.615986293990174
7.943738902079806
9.427985434536096
10.205702000136055
11.830022288048289
12.33319503516136
5.9100176167105145
8.784492512148404
8.758429812160786
10.554751588807873
11.970478914716336
8.453312997762731
14.2678661296838
12.673237166573715
13.869346687809543
7.907934256472046
10.845108948481366
9.686595428235893
8.024818821865527
13.507123090141192
8.185373134834268
15.554079374239942
7.324391710838342
11.572282231485824
7.753567688634252
5.8970514094343045
8.38678342861961
8.775165247096254
7.38255099992706
15.447793543651631
8.235031874790538
12.357422958569044
10.797948035898614
12.554286371083142
11.637783221683137
8.769117045120778
6.3478828376511425
7.689846419449617
11.746236520094504
7.298057369990735
11.384886860118073
9.348582643878084
10.243481537917594
12.136035047543908
9.89720687974799
8.73212935697656
8.945592031458753
10.38413690477726
8.93465589994011
8.259393118633547
8.318384013874738
7.81196346592208
12.609459793894205
7.468335471024519
11.255458715907086
10.725702084342592
12.866750015362317
10.287251163931002
12.078918332650362
10.839321975351208
